0.94411071 1.0 0.93632376 0.70470548 0.11684469 0.01519149 0.04276269 0.16460274 0.39338962 0.08789862
0.95779164 0.85580746 1.0 0.73412447 0.08021232 0.01317126 0.04579638 0.16815256 0.42365145 0.24579034
0.94544843 0.98110991 1.0 0.76570238 0.11766164 0.01449144 0.04351901 0.16111819 0.43796632 0.09158308
1.0 0.90140613 0.95860057 0.76357037 0.10943611 0.01363257 0.04559428 0.16328962 0.43073586 0.22505321
0.84555866 0.88741004 1.0 0.59502063 0.26787555 0.01127354 0.04133638 0.17106464 0.36456793 0.29946647
0.99409581 1.0 0.86034502 0.81774397 0.07678634 0.01362238 0.04426549 0.16091562 0.41748028 0.34083787
0.91344333 1.0 0.9598611 0.93488239 0.07466539 0.01247253 0.04421475 0.14964297 0.40021538 0.35187679
0.96394777 0.96132391 0.99893641 0.81125228 0.11659044 0.0144148 0.04186865 0.15902431 0.38848029 0.08316872
0.98442502 0.99354142 0.96174816 0.74545467 0.11989047 0.01390359 0.04011625 0.16022985 0.44250421 0.09973901
0.77438738 1.0 0.92542071 0.91555027 0.07161397 0.0131141 0.04146303 0.15274233 0.40064018 0.33515685
